1711569300235298872
1711569300268651724
1711569300302004576
1711569300335357428
1711569300368710279
1711569300402062654
1711569300435415506
1711569300468768358
1711569300502121687
1711569300535475492
1711569300568829775
1711569300602183819
1711569300635537863
1711569300668891907
1711569300702245712
1711569300735599518
1711569300768953562
1711569300802307367
1711569300835661173
1711569300869015217
1711569300902368784
1711569300935722589
1711569300969076395
1711569301002429962
1711569301035783768
1711569301069137096
1711569301102490902
1711569301135844469
1711569301169198036
1711569301202551603
1711569301235904932
1711569301269258499
1711569301302612066
1711569301335965395
1711569301369318962
1711569301402672052
1711569301436025381
1711569301469378710
1711569301502732277
1711569301536084652
1711569301569437265
1711569301602789879
1711569301636142254
1711569301669494867
1711569301702847481
1711569301736199617
1711569301769552231
1711569301802904606
1711569301836256742
1711569301869609118
1711569301902961493
1711569301936313391
1711569301969665766
1711569302003017902
1711569302036369801
1711569302069721937
1711569302103074074
1711569302136425972
1711569302169777870
1711569302203129530
1711569302236481667
1711569302269833565
1711569302303185225
1711569302336537123
1711569302369888783
1711569302403240442
1711569302436592102
1711569302469943523
1711569302503296137
1711569302536648512
1711569302570000410
1711569302603352547
1711569302636704683
1711569302670056581
1711569302703408718
1711569302736760855
1711569302770112514
1711569302803464651
1711569302836816311
1711569302870168209
1711569302903520107
1711569302936871529
1711569302970223427
1711569303003574848
1711569303036926508
1711569303070278168
1711569303103629589
1711569303136981249
1711569303170332432
1711569303203684092
1711569303237035513
1711569303270386696
1711569303303737879
1711569303337089062
1711569303370440483
1711569303403791428
1711569303437142611
1711569303470493555
1711569303503846645
1711569303537148714
1711569303570760012
1711569303604372978
1711569303637987614
1711569303671603680
1711569303705221653
1711569303738841057
1711569303772462130
1711569303806084871
1711569303839709282
1711569303873335123
1711569303906962872
1711569303940592051
1711569303974222898
1711569304007855415
1711569304041489601
1711569304075125217
1711569304108762503
1711569304142401695
1711569304176042080
1711569304209684372
1711569304243328094
1711569304276973724
1711569304310620546
1711569304344269276
1711569304377919674
1711569304411571503
1711569304445225000
1711569304478880405
1711569304512537003
1711569304546195507
1711569304579533339
1711569304612871408
1711569304646209002
1711569304679546356
1711569304712883711
1711569304746220589
1711569304779557705
1711569304812894344
1711569304846230745
1711569304879567146
1711569304912903309
1711569304946239233
1711569304979574919
1711569305012910366
1711569305046245813
1711569305079581022
1711569305112915993
1711569305146250725
1711569305179585218
1711569305212919712
1711569305246253967
1711569305279587984
1711569305312921524
1711569305346255302
1711569305379588842
1711569305412922144
1711569305446255207
1711569305479588032
1711569305512920618
1711569305546254396
1711569305579582930
1711569305612911463
1711569305646239519
1711569305679567099
1711569305712894678
1711569305746222258
1711569305779549360
1711569305812876225
1711569305846202612
1711569305879528999
1711569305912854910
1711569305946180820
1711569305979506493
1711569306012831688
1711569306046156645
1711569306079481602
1711569306112806082
1711569306146130562
1711569306179454565
1711569306212778330
1711569306246101856
1711569306279425144
1711569306312748194
1711569306346071005
1711569306379393578
1711569306412715912
1711569306446037769
1711569306479359627
1711569306512681246
1711569306546003580
1711569306579341888
1711569306612667084
1711569306645992041
1711569306679316759
1711569306712641001
1711569306745965242
1711569306779289246
1711569306812612772
1711569306845936298
1711569306879259348
1711569306912581921
1711569306945904493
1711569306979226828
1711569307012548923
1711569307045870543
1711569307079191923
1711569307112513065
1711569307145833969
1711569307179154873
1711569307212475061
1711569307245795250
1711569307279114723
1711569307312434435
1711569307345753670
1711569307379072428
1711569307412391424
1711569307445709705
1711569307479027748
1711569307512345791
1711569307545663357
1711569307578989506
1711569307612316132
1711569307645642519
1711569307678968430
1711569307712294340
1711569307745620012
1711569307778945208
1711569307812270164
1711569307845595121
1711569307878919601
1711569307912243843
1711569307945567846
1711569307978891611
1711569308012215137
1711569308045538425
1711569308078861237
1711569308112183809
1711569308145506382
1711569308178828716
1711569308212150335
1711569308245472193
1711569308278793573
1711569308312114477
1711569308345435381
1711569308378756046
1711569308412076473
1711569308445396423
1711569308478716135
1711569308512035608
1711569308545355082
1711569308578699112
1711569308612043142
1711569308645386934
1711569308678730726
1711569308712074280
1711569308745417595
1711569308778760672
1711569308812103748
1711569308845446825
1711569308878789663
1711569308912132025
1711569308945474625
1711569308978816986
1711569309012158871
1711569309045500994
1711569309078843117
1711569309112184525
1711569309145526171
1711569309178867340
1711569309212208748
1711569309245549917
1711569309278890610
1711569309312231541
1711569309345571995
1711569309378912687
1711569309412252903
1711569309445593119
1711569309478933096
1711569309512272835
1711569309545613289
1711569309578957796
1711569309612286091
1711569309645614147
1711569309678941965
1711569309712269545
1711569309745596886
1711569309778923988
1711569309812250614
1711569309845577478
1711569309878903866
1711569309912229776
1711569309945555449
1711569309978881121
1711569310012206316
1711569310045531273
1711569310078856230
1711569310112180710
1711569310145504951
1711569310178828955
1711569310212152481
1711569310245476007
1711569310278799295
1711569310312122345
1711569310345444918
1711569310378767252
1711569310412089586
1711569310445411444
1711569310478733063
1711569310512054443
1711569310545375824
1711569310578706026
1711569310612041473
1711569310645376921
1711569310678712130
1711569310712047100
1711569310745382071
1711569310778716803
1711569310812051535
1711569310845386028
1711569310878720284
1711569310912054539
1711569310945388317
1711569310978722334
1711569311012056112
1711569311045389652
1711569311078723192
1711569311112056494
1711569311145389557
1711569311178722620
1711569311212055445
1711569311245388269
1711569311278720617
1711569311312053204
1711569311345385551
1711569311378717422
1711569311412049532
1711569311445381403
1711569311478713036
1711569311512044668
1711569311545376301
1711569311578705788
1711569311612031937
1711569311645358086
1711569311678683758
1711569311712009192
1711569311745334387
1711569311778659344
1711569311811983824
1711569311845308304
1711569311878632545
1711569311911956310
1711569311945279837
1711569311978603363
1711569312011926174
1711569312045248985
1711569312078571558
1711569312111893892
1711569312145215750
1711569312178537369
1711569312211858988
1711569312245179892
1711569312278501034
1711569312311821461
1711569312345141888
1711569312378461838
1711569312411781788
1711569312445101261
1711569312478420734
1711569312511739492
1711569312545058250
1711569312578397036
1711569312611756086
1711569312645473957
1711569312679193497
1711569312712915659
1711569312746640444
1711569312780366898
1711569312814095974
1711569312847827196
1711569312881560564
1711569312915296316
1711569312949034452
1711569312982774734
1711569313016517162
1711569313050261736
1711569313084008694
1711569313117758036
1711569313151509523
1711569313185263395
1711569313219019413
1711569313252777815
1711569313286538363
1711569313320301294
1711569313354066133
1711569313387833595
1711569313421603203
1711569313455374956
1711569313489149094
1711569313522925615
1711569313556704044
1711569313590485096
1711569313623793125
1711569313657100916
1711569313690407991
1711569313723714590
1711569313757020950
1711569313790326834
1711569313823632240
1711569313856937170
1711569313890241861
1711569313923546076
1711569313956849813
1711569313990153074
1711569314023456097
1711569314056758642
1711569314090060472
1711569314123362303
1711569314156663656
1711569314189964294
1711569314223264694
1711569314256564617
1711569314289864302
1711569314323163271
1711569314356462240
1711569314389760494
1711569314423058271
1711569314456355810
1711569314489652872
1711569314522949219
1711569314556245565
1711569314589543104
1711569314622924566
1711569314656218052
1711569314689510822
1711569314722802639
1711569314756094456
1711569314789385557
1711569314822675943
1711569314855965853
1711569314889255285
1711569314922544003
1711569314955832243
1711569314989119768
1711569315022407055
1711569315055693626
1711569315088979483
1711569315122264862
1711569315155549765
1711569315188833952
1711569315222117901
1711569315255400896
1711569315288683653
1711569315321965694
1711569315355247021
1711569315388528109
1711569315421808243
1711569315455088139
1711569315488367081
1711569315521646023
1711569315554924011
1711569315588201761
1711569315621481657
1711569315654772043
1711569315688061714
1711569315721350908
1711569315754639149
1711569315787927151
1711569315821214437
1711569315854501247
1711569315887787342
1711569315921072960
1711569315954357862
1711569315987642288
1711569316020926237
1711569316054209471
1711569316087492228
1711569316120774269
1711569316154055595
1711569316187336683
1711569316220617056
1711569316253896713
1711569316287175894
1711569316320454359
1711569316353732347
1711569316387009859
1711569316420286655
1711569316453562975
1711569316486838579
1711569316520113707
1711569316553388119
1711569316586662054
1711569316619936228
1711569316653227329
1711569316686517477
1711569316719807386
1711569316753096581
1711569316786385298
1711569316819673300
1711569316852960825
1711569316886247873
1711569316919534206
1711569316952819824
1711569316986105204
1711569317019389868
1711569317052673817
1711569317085957289
1711569317119240284
1711569317152522802
1711569317185804367
1711569317219085693
1711569317252366304
1711569317285646200
1711569317318925858
1711569317352204561
1711569317385483027
1711569317418760777
1711569317452037811
1711569317485314369
1711569317518590689
1711569317551866293
1711569317585141182
1711569317618430614
1711569317651719809
1711569317685008049
1711569317718296051
1711569317751583338
1711569317784869909
1711569317818156004
1711569317851441622
1711569317884726524
1711569317918010712
1711569317951294422
1711569317984577656
1711569318017860174
1711569318051141977
1711569318084423542
1711569318117704391
1711569318150984287
1711569318184263945
1711569318217542887
1711569318250821352
1711569318284099102
1711569318317376375
1711569318350653172
1711569318383929014
1711569318417204380
1711569318450479269
1711569318483753443
1711569318517027140
1711569318550300360
1711569318583574533
1711569318616921186
1711569318650267601
1711569318683743238
1711569318717380047
1711569318751018763
1711569318784659147
1711569318818300962
1711569318851944685
1711569318885589600
1711569318919236422
1711569318952884674
1711569318986534595
1711569319020186186
1711569319053839684
1711569319087494373
1711569319121150970
1711569319154808998
1711569319188468695
1711569319222130060
1711569319255792856
1711569319289457798
1711569319323123693
1711569319356791735
1711569319390461206
1711569319424132109
1711569319457804918
1711569319491479158
1711569319525155067
1711569319558832645
1711569319592511654
1711569319626192570
1711569319659874916
1711569319693351269
1711569319726752996
1711569319760155678
1711569319793559551
1711569319826964140
1711569319860369921
1711569319893776655
1711569319927184343
1711569319960592985
1711569319994002819
1711569320027413607
1711569320060825109
1711569320094238043
1711569320127651930
1711569320161066294
1711569320194482088
1711569320227898836
1711569320261316538
1711569320294735432
1711569320328155041
1711569320361575842
1711569320394997597
1711569320428420305
1711569320461843967
1711569320495268822
1711569320528694630
1711569320562121391
1711569320595549107
1711569320628977776
1711569320662407398
1711569320695725203
1711569320729013443
1711569320762300968
1711569320795588017
1711569320828874826
1711569320862160683
1711569320895446062
1711569320928730726
1711569320962014914
1711569320995298624
1711569321028581619
1711569321061863899
1711569321095145941
1711569321128427267
1711569321161708117
1711569321194988251
1711569321228267908
1711569321261546850
1711569321294825554
1711569321328103304
1711569321361380339
1711569321394657135
1711569321427933455
1711569321461209059
1711569321494483948
1711569321527758360
1711569321561032295
1711569321594305515
1711569321627578020
1711569321660850048
1711569321694151163
1711569321727437735
1711569321760723352
1711569321794008732
1711569321827293396
1711569321860577345
1711569321893860817
1711569321927143574
1711569321960425854
1711569321993707180
1711569322026988268
1711569322060268641
1711569322093548298
1711569322126827478
1711569322160105944
1711569322193383694
1711569322226661205
1711569322259937763
1711569322293213844
1711569322326489210
1711569322359764099
1711569322393038273
1711569322426311731
1711569322459584951
1711569322492857218
1711569322526129007
1711569322559400082
1711569322592670679
1711569322625940561
1711569322659209967
1711569322692510366
1711569322725792408
1711569322759073973
1711569322792355061
1711569322825635195
1711569322858914852
1711569322892193794
1711569322925472260
1711569322958749771
1711569322992026806
1711569323025303125
1711569323058578968
1711569323091854095
1711569323125128508
1711569323158402205
1711569323191675186
1711569323224947691
1711569323258219719
1711569323291490793
1711569323324761152
1711569323358031273
1711569323391300201
1711569323424568892
1711569323457836866
1711569323491103888
1711569323524370670
1711569323557636738
1711569323590901852
1711569323624166489
1711569323657430649
1711569323690705776
1711569323723992348
1711569323757278681
1711569323790564060
1711569323823848724
1711569323857132673
1711569323890416145
1711569323923698902
1711569323956981182
1711569323990262985
1711569324023543835
1711569324056824207
1711569324090104103
1711569324123383045
1711569324156661510
1711569324189939499
1711569324223216772
1711569324256493330
1711569324289769650
1711569324323045015
1711569324356319666
1711569324389593840
1711569324422867537
1711569324456140041
1711569324489412546
1711569324522684097
1711569324555955410
1711569324589225531
1711569324622495413
1711569324655764580
1711569324689058065
1711569324722358704
1711569324755658865
1711569324788958788
1711569324822257996
1711569324855556965
1711569324888855219
1711569324922152996
1711569324955450535
1711569324988747358
1711569325022043943
1711569325055339813
1711569325088635445
1711569325121930361
1711569325155225039
1711569325188519239
1711569325221812963
1711569325255106211
1711569325288398981
1711569325321691275
1711569325354982853
1711569325388274193
1711569325421565294
1711569325454855442
1711569325488145590
1711569325521435022
1711569325554723978
1711569325588012457
1711569325621300459
1711569325654588223
1711569325687876701
1711569325721166134
1711569325754454613
1711569325787742615
1711569325821030378
1711569325854317188
1711569325887603521
1711569325920889139
1711569325954174280
1711569325987458944
1711569326020742893
1711569326054026127
1711569326087308884
1711569326120591164
1711569326153872490
1711569326187153578
1711569326220434189
1711569326253713846
1711569326286993265
1711569326320271730
1711569326353549719
1711569326386827230
1711569326420104027
1711569326453380108
1711569326486655712
1711569326519930840
1711569326553205252
1711569326586479187
1711569326619752407
1711569326653025150
1711569326686306477
1711569326719590425
1711569326752873421
1711569326786156178
1711569326819438457
1711569326852719784
1711569326886000633
1711569326919280767
1711569326952560186
1711569326985839128
1711569327019117355
1711569327052395105
1711569327085671902
1711569327118948221
1711569327152223825
1711569327185498953
1711569327218773365
1711569327252047062
1711569327285320282
1711569327318592787
1711569327351864815
1711569327385135889
1711569327418406487
1711569327451676607
1711569327484945774
1711569327518214464
1711569327551482439
1711569327584749699
1711569327618016720
1711569327651282787
1711569327684579134
1711569327717865467
1711569327751151085
1711569327784436226
1711569327817720652
1711569327851004601
1711569327884287834
1711569327917570353
1711569327950852394
1711569327984133482
1711569328017414331
1711569328050694227
1711569328083973885
1711569328117252588
1711569328150530815
1711569328183808327
1711569328217085123
1711569328250361681
1711569328283637285
1711569328316912413
1711569328350186825
1711569328383460760
1711569328416733980
1711569328450006247
1711569328483278275
1711569328516549587
1711569328549820423
1711569328583090305
1711569328616359711
1711569328649628401
1711569328682986736
1711569328716483831
1711569328749983072
1711569328783484697
1711569328816987991
1711569328850493670
1711569328884001732
1711569328917511702
1711569328951023817
1711569328984538078
1711569329018054724
1711569329051573277
1711569329085094213
1711569329118617296
1711569329152142286
1711569329185669661
1711569329219199181
1711569329252730608
1711569329286264420
1711569329319800615
1711569329353338718
1711569329386878967
1711569329420421124
1711569329453965902
1711569329487512589
1711569329521061420
1711569329554612637
1711569329588165760
1711569329621721268
1711569329655278921
1711569329688743114
1711569329722071886
1711569329755400181
1711569329788728237
1711569329822056055
1711569329855383873
1711569329888711214
1711569329922038078
1711569329955364943
1711569329988691568
1711569330022017717
1711569330055343866
1711569330088669538
1711569330121994972
1711569330155320168
1711569330188645124
1711569330221969843
1711569330255294085
1711569330288618326
1711569330321942091
1711569330355265617
1711569330388589144
1711569330421912193
1711569330455234766
1711569330488557339
1711569330521879673
1711569330555201769
1711569330588523388
1711569330621844769
1711569330655165911
1711569330688488007
1711569330721809626
1711569330755130768
1711569330788451910
1711569330821772575
1711569330855093002
1711569330888413191
1711569330921732903
1711569330955052376
1711569330988371611
1711569331021690369
1711569331055009127
1711569331088327408
1711569331121645212
1711569331154963017
1711569331188280582
1711569331221597433
1711569331254914284
1711569331288230658
1711569331321546793
1711569331354862690
1711569331388178349
1711569331421493769
1711569331454808712
1711569331488123178
1711569331521437645
1711569331554751635
1711569331588065386
1711569331621378899
1711569331654692173
1711569331688012838
1711569331721350431
1711569331754687786
1711569331788024664
1711569331821361542
1711569331854698181
1711569331888034582
1711569331921370745
1711569331954706669
1711569331988042593
1711569332021378279
1711569332054713726
1711569332088048697
1711569332121383429
1711569332154718161
1711569332188052654
1711569332221387148
1711569332254721165
1711569332288055182
1711569332321388721
1711569332354722261
1711569332388055325
1711569332421388388
1711569332454721212
1711569332488053799
1711569332521386147
1711569332554718256
1711569332588050365
1711569332621381998
1711569332654713631
1711569332688045979
1711569332721379280
1711569332754712582
1711569332788045645
1711569332821378231
1711569332854710579
1711569332888042927
1711569332921375036
1711569332954706669
1711569332988038301
1711569333021369457
1711569333054700375
1711569333088031292
1711569333121361732
1711569333154692173
1711569333188021898
1711569333221351862
1711569333254681349
1711569333288010836
1711569333321339846
1711569333354668617
1711569333387997150
1711569333421325445
1711569333454653502
1711569333487981558
1711569333521309137
1711569333554636240
1711569333587963343
1711569333621290207
1711569333654616833
1711569333687942028
1711569333721260786
1711569333754579067
1711569333787897110
1711569333821214914
1711569333854532003
1711569333887849092
1711569333921165705
1711569333954481840
1711569333987797737
1711569334021113634
1711569334054428816
1711569334087743759
1711569334121058464
1711569334154372454
1711569334187686443
1711569334220999956
1711569334254313231
1711569334287626266
1711569334320938826
1711569334354250908
1711569334387562752
1711569334420874357
1711569334454185486
1711569334487496376
1711569334520806789
1711569334554117203
1711569334587426901
1711569334620736599
1711569334654045582
1711569334687359333
1711569334720685244
1711569334754124641
1711569334787758112
1711569334821394444
1711569334855033636
1711569334888675690
1711569334922321081
1711569334955969334
1711569334989620209
1711569335023274183
1711569335056931257
1711569335090590954
1711569335124253988
1711569335157919645
1711569335191588640
1711569335225260258
1711569335258934975
1711569335292612553
1711569335326293230
1711569335359976768
1711569335393663168
1711569335427352428
1711569335461045027
1711569335494740248
1711569335528438807
1711569335562139988
1711569335595844030
1711569335629551172
1711569335663261175
1711569335696974277
1711569335730690479
1711569335764262438
1711569335797601938
1711569335830941677
1711569335864281178
1711569335897620678
1711569335930959702
1711569335964298487
1711569335997637510
1711569336030976057
1711569336064314604
1711569336097653151
1711569336130991459
1711569336164329290
1711569336197667122
1711569336231005192
1711569336264342785
1711569336297680140
1711569336331017494
1711569336364354849
1711569336397691727
1711569336431028605
1711569336464365244
1711569336497701645
1711569336531038046
1711569336564374208
1711569336597710371
1711569336631046295
1711569336664381981
1711569336697717667
1711569336731053114
1711569336764391184
1711569336797730923
1711569336831070900
1711569336864410400
1711569336897749901
1711569336931089401
1711569336964428425
1711569336997767687
1711569337031106472
1711569337064445257
1711569337097784042
1711569337131122589
1711569337164460897
1711569337197798967
1711569337231137276
1711569337264475107
1711569337297812939
1711569337331150532
1711569337364488125
1711569337397825480
1711569337431162596
1711569337464499712
1711569337497836590
1711569337531173229
1711569337564510107
1711569337597846508
1711569337631182909
1711569337664519072
1711569337697855234
1711569337731191158
1711569337764530420
1711569337797876596
1711569337831223011
1711569337864568949
1711569337897914886
1711569337931260586
1711569337964606285
1711569337997951746
1711569338031297445
1711569338064642668
1711569338097987890
1711569338131333113
1711569338164678335
1711569338198023081
1711569338231367826
1711569338264712572
1711569338298057318
1711569338331402063
1711569338364746332
1711569338398090839
1711569338431435108
1711569338464779377
1711569338498123407
1711569338531467199
1711569338564810991
1711569338598154783
1711569338631498575
1711569338664842129
1711569338698185444
1711569338731528997
1711569338764872074
1711569338798211813
1711569338831551552
1711569338864891052
1711569338898230553
1711569338931569576
1711569338964908600
1711569338998247623
1711569339031586170
1711569339064924717
1711569339098263264
1711569339131601572
1711569339164939642
1711569339198277473
1711569339231615543
1711569339264953136
1711569339298290491
1711569339331627846
1711569339364965200
1711569339398302317
1711569339431639194
1711569339464975834
1711569339498312473
1711569339531648874
1711569339564985037
1711569339598321199
1711569339631657124
1711569339664992809
1711569339698328495
1711569339731664181
1711569339765001297
1711569339798342705
1711569339831683874
1711569339865025043
1711569339898366213
1711569339931707144
1711569339965047836
1711569339998388529
1711569340031728983
1711569340065069437
1711569340098409653
1711569340131749868
1711569340165089846
1711569340198429585
1711569340231769562
1711569340265109062
1711569340298448563
1711569340331787825
1711569340365127087
1711569340398466349
1711569340431805134
1711569340465144157
1711569340498482943
1711569340531821251
1711569340565159798
1711569340598498344
1711569340631836414
1711569340665174484
1711569340698512554
1711569340731850386
1711569340765190601
1711569340798533678
1711569340831876755
1711569340865219593
1711569340898561954
1711569340931904793
1711569340965247154
1711569340998589516
1711569341031931877
1711569341065274000
1711569341098615885
1711569341131958008
1711569341165299892
1711569341198641539
1711569341231983423
1711569341265325069
1711569341298666477
1711569341332007885
1711569341365349054
1711569341398690224
1711569341432031155
1711569341465372086
1711569341498713017
1711569341532053709
1711569341565394640
1711569341598734856
1711569341632075548
1711569341665415764
1711569341698756218
1711569341732096195
1711569341765437126
1711569341798778296
1711569341832119465
1711569341865460396
1711569341898801327
1711569341932141781
1711569341965482473
1711569341998822927
1711569342032163382
1711569342065503359
1711569342098843575
1711569342132183313
1711569342165523291
1711569342198862791
1711569342232202291
1711569342265542030
1711569342298881054
1711569342332220554
1711569342365559340
1711569342398898125
1711569342432237148
1711569342465575695
1711569342498914242
1711569342532252789
1711569342565591097
1711569342598929167
1711569342632266998
1711569342665605068
1711569342698942900
1711569342732280493
1711569342765620470
1711569342798967123
1711569342832313776
1711569342865659952
1711569342899006367
1711569342932352543
1711569342965698719
1711569342999044657
1711569343032390356
1711569343065736294
1711569343099081993
1711569343132427454
1711569343165772915
1711569343199118376
1711569343232463598
1711569343265808821
1711569343299153805
1711569343332498789
1711569343365843534
1711569343399188280
1711569343432533026
1711569343465877533
1711569343499222040
1711569343532566071
1711569343565910339
1711569343599254370
1711569343632598400
1711569343665942430
1711569343699286222
1711569343732629538
1711569343765973330
1711569343799314737
1711569343832655668
1711569343865997076
1711569343899338007
1711569343932678699
1711569343966019630
1711569343999359846
1711569344032700539
1711569344066040754
1711569344099380970
1711569344132720947
1711569344166060686
1711569344199400663
1711569344232740164
1711569344266079664
1711569344299419165
1711569344332758188
1711569344366097450
1711569344399436474
1711569344432775259
1711569344466114044
1711569344499452591
1711569344532790899
1711569344566129446
1711569344599467516
1711569344632805586
1711569344666143656
1711569344699481249
1711569344732818842
1711569344766159296
1711569344799509764
1711569344832859993
1711569344866210461
1711569344899560690
1711569344932910919
1711569344966260910
1711569344999610901
1711569345032960653
1711569345066310644
1711569345099660397
1711569345133009911
1711569345166359663
1711569345199708939
1711569345233058453
1711569345266407728
1711569345299756765
1711569345333106041
1711569345366455078
1711569345399804115
1711569345433153152
1711569345466501713
1711569345499850512
1711569345533199310
1711569345566547871
1711569345599896193
1711569345633244514
1711569345666593075
1711569345699941158
1711569345733289242
1711569345766637325
1711569345799983501
1711569345833329678
1711569345866675854
1711569345900021791
1711569345933367729
1711569345966713428
1711569346000059128
1711569346033404827
1711569346066750526
1711569346100095987
1711569346133441448
1711569346166786671
1711569346200131893
1711569346233477116
1711569346266822338
1711569346300167322
1711569346333512068
1711569346366857052
1711569346400201559
1711569346433546305
1711569346466890812
1711569346500235319
1711569346533579826
1711569346566924095
1711569346600268364
1711569346633612633
1711569346666956902
1711569346700300694
1711569346733644485
1711569346766987801
1711569346800326347
1711569346833664656
1711569346867002726
1711569346900340557
1711569346933678150
1711569346967015982
1711569347000353336
1711569347033690453
1711569347067027569
1711569347100364447
1711569347133701086
1711569347167037725
1711569347200374365
1711569347233710527
1711569347267046690
1711569347300382614
1711569347333718300
1711569347367053986
1711569347400389433
1711569347433724642
1711569347467059851
1711569347500394821
1711569347533729553
1711569347567064285
1711569347600398779
1711569347633732796
1711569347667067051
1711569347700401068
1711569347733734846
1711569347767072439
1711569347800419807
1711569347833767414
1711569347867114782
1711569347900462151
1711569347933809280
1711569347967156410
1711569348000503778
1711569348033850908
1711569348067198038
1711569348100545168
1711569348133892059
1711569348167238951
1711569348200586081
1711569348233933210
1711569348267279863
1711569348300626755
1711569348333973408
1711569348367320299
1711569348400666952
1711569348434013605
1711569348467360258
1711569348500706673
1711569348534053564
1711569348567399979
1711569348600746393
1711569348634092808
1711569348667439222
1711569348700785398
1711569348734131813
1711569348767480373
1711569348800843954
1711569348834208012
1711569348867571831
1711569348900935650
1711569348934299469
1711569348967663527
1711569349001027584
1711569349034391880
1711569349067756176
1711569349101120472
1711569349134484529
1711569349167849064
1711569349201213360
1711569349234577894
1711569349267942667
1711569349301307201
1711569349334671974
1711569349368036509
1711569349401401281
1711569349434766293
1711569349468131065
1711569349501496077
1711569349534861326
1711569349568226337
1711569349601591587
1711569349634956837
1711569349668322086
1711569349701687336
1711569349735052824
1711569349768415213
1711569349801758051
1711569349835100651
1711569349868443012
1711569349901785612
1711569349935127974
1711569349968469858
1711569350001811981
1711569350035154104
1711569350068495750
1711569350101837397
1711569350135179043
1711569350168520451
1711569350201861858
1711569350235202789
1711569350268543959
1711569350301884651
1711569350335225582
1711569350368566513
1711569350401906729
1711569350435247421
1711569350468587399
1711569350501927853
1711569350535267591
1711569350568607569
1711569350601947308
1711569350635287046
1711569350668626547
1711569350701966047
1711569350735305071
1711569350768651009
1711569350802057266
1711569350835464716
1711569350868872404
1711569350902281046
1711569350935690403
1711569350969100237
1711569351002511263
1711569351035922766
1711569351069334984
1711569351102748156
1711569351136161804
1711569351169576168
1711569351202991486
1711569351236407280
1711569351269824028
1711569351303241491
1711569351336659431
1711569351370078325
1711569351403497934
1711569351436918259
1711569351470339298
1711569351503761292
1711569351537183523
1711569351570606947
1711569351604031086
1711569351637455702
1711569351670881033
1711569351704307318
1711569351737734318
1711569351771152973
1711569351804505110
1711569351837857008
1711569351871208668
1711569351904560804
1711569351937912703
1711569351971264124
1711569352004616022
1711569352037967682
1711569352071319342
1711569352104671001
1711569352138022423
1711569352171374083
1711569352204725504
1711569352238077164
1711569352271428585
1711569352304780006
1711569352338131428
1711569352371482611
1711569352404834032
1711569352438184977
1711569352471536398
1711569352504887581
1711569352538238764
1711569352571589947
1711569352604940891
1711569352638292074
1711569352671643019
1711569352704993963
1711569352738344908
1711569352771696568
1711569352805052996
1711569352838409185
1711569352871765614
1711569352905121803
1711569352938478231
1711569352971834421
1711569353005190611
1711569353038546801
1711569353071903229
1711569353105259418
1711569353138615608
1711569353171972036
1711569353205328226
1711569353238684416
1711569353272040606
1711569353305396795
1711569353338752985
1711569353372108936
1711569353405465126
1711569353438821316
1711569353472177267
1711569353505533457
1711569353538889647
1711569353572245598
1711569353605601549
1711569353638957739
1711569353672313690
1711569353705669880
1711569353739025831
1711569353772381783
1711569353805737972
1711569353839094400
1711569353872450590
1711569353905806780
1711569353939162970
1711569353972519398
1711569354005875826
1711569354039232016
1711569354072588205
1711569354105944633
1711569354139300823
1711569354172657013
1711569354206013441
1711569354239369631
1711569354272726059
1711569354306082249
1711569354339438677
1711569354372794867
1711569354406151295
1711569354439507723
1711569354472863913
1711569354506220341
1711569354539577007
1711569354572933435
1711569354606289625
1711569354639646053
1711569354673002481
1711569354706358910
1711569354739715338
1711569354773071051
1711569354806424379
1711569354839777946
1711569354873131037
1711569354906484365
1711569354939837694
1711569354973191023
1711569355006544113
1711569355039897442
1711569355073250771
1711569355106603861
1711569355139956951
1711569355173310041
1711569355206663132
1711569355240016222
1711569355273369074
1711569355306722164
1711569355340075254
1711569355373428106
1711569355406781197
1711569355440134048
1711569355473486900
1711569355506839752
1711569355540192604
1711569355573545456
1711569355606898308
1711569355640250921
1711569355673603773
1711569355706956387
1711569355740309000
1711569355773662329
1711569355807014942
1711569355840367079
1711569355873719692
1711569355907072067
1711569355940424204
1711569355973776579
1711569356007128954
1711569356040480852
1711569356073833227
1711569356107185364
1711569356140537262
1711569356173889399
1711569356207241535
1711569356240593433
1711569356273945570
1711569356307297468
1711569356340649128
1711569356374001265
1711569356407352924
1711569356440704823
1711569356474056482
1711569356507408142
1711569356540760040
1711569356574111462
1711569356607463121
1711569356640814781
1711569356674166203
1711569356707517862
1711569356740869284
1711569356774220943
1711569356807573080
1711569356840924978
1711569356874276876
1711569356907629013
1711569356940980673
1711569356974332809
1711569357007684469
1711569357041036367
1711569357074388027
1711569357107739687
1711569357141091347
1711569357174443007
1711569357207794666
1711569357241146326
1711569357274497509
1711569357307849169
1711569357341200352
1711569357374552011
1711569357407903433
1711569357441254616
1711569357474606037
1711569357507956982
1711569357541308403
1711569357574659348
1711569357608010530
1711569357641361475
1711569357674712658
1711569357708063364
1711569357741414547
1711569357774765968
1711569357808118582
1711569357841471672
1711569357874824524
1711569357908177137
1711569357941529989
1711569357974882841
1711569358008235455
1711569358041588068
1711569358074940681
1711569358108293533
1711569358141645908
1711569358174998522
1711569358208351135
1711569358241703272
1711569358275055885
1711569358308408260
1711569358341760635
1711569358375113010
1711569358408465385
1711569358441817284
1711569358475169659
1711569358508522034
1711569358541873932
1711569358575226068
1711569358608578205
1711569358641930103
1711569358675282240
1711569358708634377
1711569358741986036
1711569358775338650
1711569358808698416
1711569358842058182
1711569358875417948
1711569358908777475
1711569358942137480
1711569358975497246
1711569359008857250
1711569359042217255
1711569359075577259
1711569359108937263
1711569359142297029
1711569359175657272
1711569359209017277
1711569359242377520
1711569359275737762
1711569359309098005
1711569359342458248
1711569359375818253
1711569359409178734
1711569359442538977
1711569359475899458
1711569359509259939
1711569359542620420
1711569359575980902
1711569359609341383
1711569359642701864
1711569359676062584
1711569359709423065
1711569359742783785
1711569359776143789
1711569359809497118
1711569359842850208
1711569359876203060
1711569359909556389
1711569359942909479
1711569359976262569
1711569360009615183
1711569360042968273
1711569360076321363
1711569360109673977
1711569360143026829
1711569360176379919
1711569360209732771
1711569360243085384
1711569360276438236
1711569360309790850
1711569360343143463
1711569360376496077
1711569360409848928
1711569360443201303
1711569360476553917
1711569360509906530
1711569360543259144
1711569360576611519
1711569360609964132
1711569360643316507
1711569360676668644
1711569360710021257
1711569360743373632
1711569360776726484
1711569360810086012
1711569360843445539
1711569360876804829
1711569360910164595
1711569360943524122
1711569360976883888
1711569361010243416
1711569361043603182
1711569361076962948
1711569361110322714
1711569361143682957
1711569361177042723
1711569361210402489
1711569361243762732
1711569361277122736
1711569361310482979
1711569361343843222
1711569361377203465
1711569361410563707
1711569361443924189
1711569361477284431
1711569361510644913
1711569361544005394
1711569361577365875
1711569361610726595
1711569361644087076
1711569361677448034
1711569361710808516
1711569361744169474
1711569361777529001
1711569361810884953
1711569361844240904
1711569361877596855
1711569361910952806
1711569361944308996
1711569361977664948
1711569362011020899
1711569362044376850
1711569362077732801
1711569362111088753
1711569362144444942
1711569362177800894
1711569362211157084
1711569362244513035
1711569362277868986
1711569362311224937
1711569362344580889
1711569362377937078
1711569362411293030
1711569362444648981
1711569362478004932
1711569362511361122
1711569362544717073
1711569362578073025
1711569362611429214
1711569362644785166
1711569362678141117
1711569362711497307
1711569362744853258
1711569362778209448
1711569362811566591
1711569362844923735
1711569362878281116
1711569362911638498
1711569362944995642
1711569362978352785
1711569363011710167
1711569363045067310
1711569363078424454
1711569363111781836
1711569363145138979
1711569363178496361
1711569363211853504
1711569363245210648
1711569363278567791
1711569363311924934
1711569363345282555
1711569363378639698
1711569363411996841
1711569363445353985
1711569363478711128
1711569363512068272
1711569363545425653
1711569363578783035
1711569363612140179
1711569363645497322
1711569363678854465
1711569363712211609
1711569363745572329
1711569363778925896
1711569363812278986
1711569363845632315
1711569363878985643
1711569363912338972
1711569363945692062
1711569363979045391
1711569364012398481
1711569364045751810
1711569364079104662
1711569364112457991
1711569364145811081
1711569364179164171
1711569364212517023
1711569364245869875
1711569364279222965
1711569364312575817
1711569364345928669
1711569364379281521
1711569364412634373
1711569364445987225
1711569364479339838
1711569364512692690
1711569364546045303
1711569364579398155
1711569364612750769
1711569364646103382
1711569364679455996
1711569364712808609
1711569364746161222
1711569364779514313
1711569364812876463
1711569364846238852
1711569364879601002
1711569364912963390
1711569364946326017
1711569364979688406
1711569365013051033
1711569365046413898
1711569365079776525
1711569365113139629
1711569366208518267
1711569366241865158
1711569366275211811
1711569366308558941
1711569366341905832
1711569366375252724
1711569366579010248
1711569366612357616
1711569366645704746
1711569366679052114
1711569366712399483
1711569366745746851
1711569366779094219
1711569366812441587
1711569367072432041
1711569367205862761
1711569367239220381
1711569367305935860
1711569367339293242
1711569367372650862
1711569367606154442
1711569367639512300
1711569367672869682
1711569367706227303
1711569368106590748
1711569368139967680
1711569369074512482
1711569369107870817
1711569370108632088
1711569370376437902
1711569370555114746
1711569370590893030
1711569370626685858
1711569370770000219
1711569370805864573
1711569371417754173
1711569371452797174
1711569372020099401
1711569372252851486
1711569372485551357
1711569373048657417
1711569373081713200
1711569373114766598
1711569373147817850
1711569373180866957
1711569373213913918
1711569373246958256
1711569373280000687
1711569373313040733
1711569373346078873
1711569373379114389
1711569373412147999
1711569373445179224
1711569373478208303
1711569373511234999
1711569373544259787
1711569373577282190
1711569373610302448
1711569373643320322
1711569373676778793
1711569373710323095
1711569373743394852
1711569373776464462
1711569373809531689
1711569373842596769
1711569373875659704
1711569373908720255
1711569373941778421
1711569373974834442
1711569374007888079
1711569374040940046
1711569374073988914
1711569374107036114
1711569374140081167
1711569374173123598
1711569374206163883
1711569374239202023
1711569374272237539
1711569374305270910
1711569374338302135
1711569374371331215
1711569374404358149
1711569374437382460
1711569374470404863
1711569374503424883
1711569374536442518
1711569374569458246
1711569374602471352
1711569374635482311
1711569374668491125
1711569374701568842
1711569374734644175
1711569374767717600
1711569374800788879
1711569374833857775
1711569374866924286
1711569374899989128
1711569374933051348
1711569374966111422
1711569374999169350
1711569375032225132
1711569375065278769
1711569375098330021
1711569375131379366
1711569375164426327
1711569375197471142
1711569375230513573
1711569375263553858
1711569375296592236
1711569375329628468
1711569375362662077
1711569375395693779
1711569375428723097
1711569375461750507
1711569375494775295
1711569375527798414
1711569375560818911
1711569375593837500
1711569375626853704
1711569375659878254
1711569375693387985
1711569375726494074
1711569375759598255
1711569375792700291
1711569375825800180
1711569375858898163
1711569375891994238
1711569375925088167
1711569375958180189
1711569375991270065
1711569376024358273
1711569376057443857
1711569376090527773
1711569376123609543
1711569376156689405
1711569376189767361
1711569376222842932
1711569376255916834
1711569376288988590
1711569376322058439
1711569376355125904
1711569376388191700
1711569376421255350
1711569376454316854
1711569376487376690
1711569376520434380
1711569376553489685
1711569376586543560
1711569376619595051
1711569376652644396
1711569376685684681
1711569376718800545
1711569376751914501
1711569376785026550
1711569376818136692
1711569376851244926
1711569376884351015
1711569376917455196
1711569376950557470
1711569376983657360
1711569377016755581
1711569377049852133
1711569377082946301
1711569377116038561
1711569377149128914
1711569377182217360
1711569377215303659
1711569377248388052
1711569377281470537
1711569377314550877
1711569377347629309
1711569377380705833
1711569377413780212
1711569377446852684
1711569377479923248
1711569377512991905
1711569377546058655
1711569377579123020
1711569377612185717
1711569377645246267
1711569377678303480
1711569377711424351
1711569377744543552
1711569377777660370
1711569377810775518
1711569377843888760
1711569377876999855
1711569377910109043
1711569377943216324
1711569377976321459
1711569378009425163
1711569378042526484
1711569378075625658
1711569378108723164
1711569378141818523
1711569378174912453
1711569378208003998
1711569378241093397
1711569378274181128
1711569378307266951
1711569378340350628
1711569378373432398
1711569378406512260
1711569378439589977
1711569378472666025
1711569378505739927
1711569378538811922
1711569378571882010
1711569378604950190
1711569378638016462
1711569378671085119
1711569378704209805
1711569378737332344
1711569378770452976
1711569378803571463
1711569378836688280
1711569378869802952
1711569378902915716
1711569378936026573
1711569378969135523
1711569379002242088
1711569379035347223
1711569379068450212
1711569379101551294
1711569379134650469
1711569379167747498
1711569379200842619
1711569379233935833
1711569379267027140
1711569379300116539
1711569379333203554
1711569379366289139
1711569379399372578
1711569379432454109
1711569379465533495
1711569379498610973
1711569379531686783
1711569379564760208
1711569379597831964
1711569379630901575
1711569379663969517
1711569379697159529
1711569379730347633
1711569379763534307
1711569379796719790
1711569379829903364
1711569379863085508
1711569379896265984
1711569379929444790
1711569379962622166
1711569379995797873
1711569380028971910
1711569380062144518
1711569380095315695
1711569380128485203
1711569380161652803
1711569380194818974
1711569380227983952
1711569380261147022
1711569380294308662
1711569380327468395
1711569380360626936
1711569380393783808
1711569380426939011
1711569380460092783
1711569380493244648
1711569380526395321
1711569380559544086
1711569380592691660
1711569380625837326
1711569380658985853
1711569380692234993
1711569380725352526
1711569380758467913
1711569380791581631
1711569380824692965
1711569380857802153
1711569380890909672
1711569380924014807
1711569380957118034
1711569380990218878
1711569381023317814
1711569381056414843
1711569381089509726
1711569381122602463
1711569381155693293
1711569381188781977
1711569381221868753
1711569381254953146
1711569381288035631
1711569381321115971
1711569381354194403
1711569381387270451
1711569381420344830
1711569381453417063
1711569381486487150
1711569381519554853
1711569381552620888
1711569385096443653
1711569385231034756
1711569385298336983
1711569385331989765
1711569385365643740
1711569385399298906
1711569385432955027
1711569385466612577
1711569385500271082
1711569385533930779
1711569385567591667
1711569385601253510
